6.051087367489761393e-01 2.999932583301449185e+01 1.503584274390460607e+00 2.999961619515974931e+01 4.961522760779146224e-01
5.992602069095480211e+00 2.888660375407457792e+01 1.362224512807155641e+01 2.515957688038278661e+01 2.178159234324502369e-01
9.044423950612399121e-01 8.704232221252311774e+00 6.527205122863963815e+00 1.995729097051218304e+01 1.193347864595326602e+00
5.858398023775516883e+00 2.760037926003847986e+01 1.476507372357320769e+01 1.046634398616060935e+01 2.045427817538360005e-01
1.137764811641899021e+00 5.350172194806363635e+00 2.724445494455568273e+00 2.375725332369365006e+01 1.930307541516005143e+00
1.126728230008520848e+00 6.125614405507390003e+00 3.786928523085730358e+00 1.701446532544864354e+01 1.999304272529614623e+00
3.538185486440670324e+00 8.129136472392346491e+00 3.420435669399285672e+00 2.076507756456426534e+01 1.736987946262653848e+00
5.990739733491746932e+00 2.999999999999999645e+01 4.649914970501290767e+00 2.999999999999921130e+01 4.149310194004133812e-01
5.998975623917442768e+00 2.999999472952230306e+01 1.498876378663933373e+01 2.999997384670176004e+01 5.217005601943055515e-01
1.231958338846643741e+00 1.294058820023433576e+01 8.891292113870170155e+00 1.487316117523878667e+01 1.626862775303426156e+00
1.001801653862600672e+00 3.153596299330870600e+00 7.281818897029738835e+00 3.997333872776357655e+00 1.296901115471162269e+00
2.659184625511492150e+00 1.258216235854575338e+01 6.242073093148945873e+00 1.303581877646455922e+01 1.504116940647175271e+00
5.298634838444380435e+00 2.951005718903232378e+01 1.333574575849213240e+01 2.865845481144373963e+01 8.999722669756975435e-01
5.999999999763235614e+00 2.999999999998286526e+01 1.499999999287213193e+01 2.999999999999560174e+01 2.000000000034870551e-01
2.443896509012014828e+00 6.017181276369854892e+00 4.443169589843073197e+00 1.348417946305928261e+01 1.999993002432371325e+00
2.653872853376826768e+00 3.000017662420303655e+00 5.331974384424539970e+00 5.180642640433432256e+00 1.999999153031514876e+00
3.478595625230637367e+00 1.345346642356211397e+01 1.362675609451127201e+01 1.210177427677822237e+01 1.304642258877320771e+00
1.630573142271746212e+00 3.000000000000208278e+00 1.965362568086941764e+00 3.000000260456962664e+00 1.999999959563970142e+00
1.974493834865781228e+00 3.000000886733790839e+00 3.274209740020575854e+00 3.000037770020336669e+00 1.999998750894768307e+00
2.331467924062814667e+00 3.255536295876638508e+00 4.399250161472555654e+00 6.551730856118333612e+00 1.999302278832877366e+00
4.167498862413490102e+00 3.000000000002351452e+00 3.610179658287039128e+00 3.000000000000304201e+00 1.999999724782437704e+00
3.831798018110025961e+00 1.541449324295138545e+01 7.063348134688522073e+00 1.506900647872224397e+01 1.700732945064435286e+00
5.999999999999906741e+00 2.999999999999999645e+01 1.499999609056190408e+01 2.999999999999999645e+01 2.000000000000000389e-01
1.110181014217380691e+00 5.235554679507722575e+00 5.916708866056975324e+00 1.060265388941907894e+01 1.870698280260622681e+00
5.571970667537600619e+00 2.962872109334659854e+01 9.462807457223338048e+00 2.986370814919855832e+01 2.277539105911369488e-01
4.784703383288412049e+00 1.902820041083026936e+01 1.225509567499589281e+01 1.331996575765091606e+01 8.152938279223763685e-01
5.999931254466311259e+00 2.999894562141183485e+01 1.441555237117552046e+01 1.765371221474157082e+01 2.000085488293764091e-01
5.998275088659277721e+00 2.999996026009213779e+01 1.499980944668463501e+01 2.999837305879298199e+01 5.908464577884608993e-01
6.000000000031527891e-01 3.000000000000002665e+00 1.808607255821533366e+00 3.000000000000104805e+00 1.999999999999999778e+00
5.403985447364598294e+00 2.613666610833380233e+01 2.220173907944087421e+00 2.753922906980346852e+01 7.848468376123429735e-01
3.656598563970337779e+00 1.394775127038534279e+01 1.079511130647116168e+01 9.708633571682376839e+00 1.744498195576765109e+00
6.274612606876541765e-01 3.000000012083783751e+00 1.763177498947688049e+00 3.000003096540807324e+00 1.999999999857123845e+00
4.525958800136363536e+00 2.167847004128793387e+01 1.389280427596138701e+01 1.452853504269050866e+01 1.003582848267341454e+00
5.999539800806338974e+00 2.999889741228716389e+01 1.499989150583148678e+01 2.617870029894781325e+01 3.165222435205164997e-01
5.936956756452343775e+00 2.784390159636506468e+01 1.494418749228485588e+01 1.381053184450455973e+01 2.862717444876723971e-01
3.452141206416823316e+00 4.055036957367160966e+00 4.447857821648220522e+00 4.056058521797780259e+00 1.322167193669864682e+00
5.999999999945340612e+00 1.722713331835733541e+01 1.249408958382373136e+01 9.852376661916272482e+00 1.693978773418936656e+00
4.413140347315022360e+00 1.090632223351927088e+01 3.605290353765788769e+00 1.336477474869923654e+01 1.941715420283126381e+00
5.999999982413465993e+00 2.999999984721563351e+01 1.499999999996385114e+01 2.999999966410814878e+01 2.210860686564987410e-01
5.999999983040364526e+00 3.919320154476465756e+00 8.306300163520674573e+00 6.610356783466949437e+00 1.892048231167398509e+00
6.000000000000408340e-01 3.000000000156830993e+00 1.500000000001336264e+00 3.000000001260414439e+00 1.999999999866037381e+00
3.237586085165323979e+00 1.728365057607503275e+01 7.488536794370250327e+00 2.033705489928179944e+01 1.062479789096732130e+00
8.092623010561548202e-01 3.452012219593027176e+00 7.861679312972239764e+00 1.441705884046671393e+01 1.963876028738490653e+00
1.409719645289710721e+00 1.570150351733292915e+01 1.008873549752095755e+01 1.774945965465385456e+01 1.450508977321794735e+00
3.936794557702739006e+00 2.327422192956280611e+01 4.156997095318692104e+00 2.641516890706417442e+01 1.401633917012511166e+00
