5.999989338673191064e+00 2.999999899682583049e+01 8.514593010054403166e+00 2.999999999967778308e+01 5.471266406200505639e-01
2.235198153079405170e+00 1.055424850379101898e+01 1.069353735836438624e+01 1.365268330975606226e+01 1.380781133643409042e+00
7.964232955355993182e-01 2.310319855005067424e+01 2.698955342818551983e+00 2.472942190246319427e+01 7.727903496598209632e-01
2.761204822262049774e+00 6.263963859461062711e+00 8.285847335572553263e+00 5.327916360273202478e+00 1.862187593387393258e+00
1.983328661944143922e+00 1.048204515855062802e+01 5.304883702940648149e+00 1.056320456153225606e+01 1.941346148705019647e+00
3.156227660473024610e+00 1.741573073773120228e+01 7.416898798234159429e+00 1.889637028519493356e+01 9.019349131029295030e-01
1.956365752736493713e+00 2.021588831650561247e+01 1.001102440658143067e+01 2.137800100365858569e+01 1.021355055693242919e+00
3.976685763483912339e+00 2.565273421224243222e+01 8.347275762231445739e+00 2.474107050815155162e+01 5.979815168141320303e-01
8.317561220116063136e-01 2.618514426328976086e+01 1.525248128617219256e+00 2.879158949468706652e+01 1.283947568619846713e+00
1.344816308985990805e+00 1.200294391963554297e+01 4.894346960962640658e+00 1.467727850222985175e+01 1.450620678441755462e+00
6.032474630487294487e-01 1.840673915447326081e+01 7.028187509736317118e+00 2.999975527353727855e+01 1.999515818874819661e+00
6.109656568110194419e-01 1.175363515109281742e+01 1.977757197530520150e+00 2.987056880652143320e+01 1.042924577717130541e+00
2.806201535639500921e+00 2.097647649061088870e+01 7.641859642213988835e+00 2.006260497172532808e+01 7.487897981288409444e-01
5.154930121314048819e+00 2.953745316510407903e+01 9.497701924630248982e+00 2.954262115013733592e+01 4.402069764242194649e-01
5.943457123634780181e+00 2.999728912826086002e+01 1.475610600477777545e+01 2.997582070634288698e+01 2.136571383173752614e-01
5.999980004501812125e+00 2.999999965075882358e+01 1.499999977457637712e+01 2.999999938791431831e+01 2.000010336350936946e-01
3.380462698193789084e+00 2.027927658673115374e+01 8.969754072533948630e+00 1.197027016591226101e+01 9.540488523806055499e-01
3.562475941408045799e+00 1.420825103206828821e+01 8.250343477019516314e+00 1.542509917289505061e+01 7.623830104057205403e-01
2.642043772655914502e+00 1.497534170996257430e+01 1.032605012224342822e+01 1.282978060731286618e+01 1.834588776911693531e+00
5.341389882241887932e+00 2.344576013842864981e+01 1.195848275888856804e+01 2.007324014049294547e+01 3.416355004305984266e-01
5.330506412705885211e+00 2.733285021948594107e+01 4.941486329105997832e+00 9.199354626642476163e+00 2.473154446437860754e-01
6.000048455685523807e-01 1.405300814527485365e+01 3.134255905634354633e+00 2.472004475729073292e+01 1.731770527573596175e+00
6.017856775642644873e-01 3.068154197992855714e+00 2.776563221954574168e+00 3.776418293406883286e+00 1.944440048468771387e+00
7.108446884642041219e-01 3.000000000000000444e+00 5.017799967364397595e+00 1.653800732318059730e+01 1.999999999999999778e+00
6.000012350027228436e-01 8.391999144281561129e+00 1.500601875156670761e+00 2.999178292326198303e+01 1.398683704943110673e+00
7.901596237766250752e-01 1.423655463843555857e+01 1.500372371519341108e+00 2.998278441368528746e+01 1.289673449683732542e+00
5.999964201916490047e+00 2.545133368832419407e+01 1.456903221941773729e+01 1.580593924411890683e+01 1.281888465993810566e+00
3.231335500935235139e+00 3.001024557981442964e+00 5.930578845491343287e+00 7.164990781439425582e+00 1.950684231581487627e+00
5.461859473480575211e+00 2.134518079361673770e+01 1.101872250462280256e+01 1.726073450711020030e+01 4.020162266601498002e-01
1.426360619218858261e+00 7.023805370285205463e+00 1.436626165112400955e+01 8.133715421800143730e+00 1.814645718307673850e+00
3.533220342696963279e+00 1.726255993853298065e+01 4.188129078086339163e+00 1.921968011169381896e+01 8.203196966965335957e-01
7.721706582372518390e-01 2.999821495364835400e+01 1.136128075252864100e+01 2.999993672732813010e+01 8.364339503756241800e-01
2.019982963582189761e+00 3.291801804360309003e+00 7.180865346466684507e+00 4.299165206363108283e+00 1.961370420028918371e+00
6.007051767306657020e-01 2.764437569412932305e+01 1.929656966180001154e+00 2.991692736480097281e+01 7.815252723794325895e-01
1.232354339294717827e+00 8.900107564164313700e+00 1.339296647432758824e+01 1.586496583406693794e+01 1.999998261037067904e+00
3.141287865660956857e+00 2.533391275236539641e+01 8.042225927841627708e+00 2.767712214940350890e+01 1.133522548892585746e+00
7.215940865173899876e-01 3.405915206560629738e+00 3.996114375491948589e+00 5.072028819403059607e+00 1.838039203617938933e+00
3.126008321822986158e+00 1.383160419390913987e+01 1.389053100313583400e+01 1.292155865493793065e+01 1.634792466772258646e+00
5.925858390040871448e+00 2.607468155564807333e+01 1.484514397329681046e+01 1.116367957433352842e+01 2.402956631117560693e-01
1.404315884413025461e+00 7.179837404181704130e+00 6.462480419827190126e+00 5.840265101167780415e+00 1.413783895450023032e+00
6.000000000005694112e-01 3.000000000001409539e+00 1.500000000001139977e+00 3.000000000002537970e+00 1.999999999999924061e+00
6.029458605364214074e-01 4.247288396413346767e+00 3.375835228877296590e+00 3.008530928517306968e+00 1.125676490401523733e+00
